list(mu = 2, tau = 0.1, psi = 0.9,
z = c(1, 1, 1, 1, 1,1, 1, 1, 1, 1,1, 1, 1, 1, 1,1, 1, 1, 1, 1,
1, 1, 1, 1, 1,1, 1, 1, 1, 1,1, 1, 1, 1, 1,1, 1, 1, 1, 1,
1, 1, 1, 1, 1,1, 1, 1, 1, 1,1, 1, 1, 1, 1,1, 1, 1, 1, 1,
1, 1, 1, 1, 1,1, 1, 1, 1, 1, 1,
0, 0, 0, 0, 0,0, 0, 0, 0, 0,0, 0, 0, 0, 0,0, 0, 0, 0, 0,
0, 0, 0, 0, 0,0, 0, 0, 0, 0,0, 0, 0, 0, 0,0, 0, 0, 0, 0,
0, 0, 0, 0, 0,0, 0, 0, 0, 0,0, 0, 0, 0, 0,0, 0, 0, 0, 0,
0, 0, 0, 0, 0,0, 0, 0, 0, 0,0, 0, 0, 0, 0,0, 0, 0, 0, 0,
0, 0, 0, 0, 0,0, 0, 0, 0, 0,0, 0, 0, 0, 0,0, 0, 0, 0, 0,
0, 0, 0, 0, 0,0, 0, 0, 0, 0,0, 0, 0, 0, 0,0, 0, 0, 0, 0,
0, 0, 0, 0, 0,0, 0, 0, 0, 0,0, 0, 0, 0, 0,0, 0, 0, 0, 0,
0, 0, 0, 0, 0,0, 0, 0, 0, 0,0, 0, 0, 0, 0,0, 0, 0, 0, 0,
0, 0, 0, 0, 0,0, 0, 0, 0, 0,0, 0, 0, 0, 0,0, 0, 0, 0, 0,
0, 0, 0, 0, 0,0, 0, 0, 0, 0,0, 0, 0, 0, 0,0, 0, 0, 0, 0,
0, 0, 0, 0, 0,0, 0, 0, 0, 0,0, 0, 0, 0, 0,0, 0, 0, 0, 0,
0, 0, 0, 0, 0,0, 0, 0, 0, 0,0, 0, 0, 0, 0,0, 0, 0, 0, 0,
0, 0, 0, 0, 0,0, 0, 0, 0, 0))

