list(mu = 0, tau = 1, psi = 0.5,
z = c(1, 1, 1, 1, 1,1, 1, 1, 1, 1,1, 1, 1, 1, 1,1, 1, 1, 1, 1,
1, 1, 1, 1, 1,1, 1, 1, 1, 1,1, 1, 1, 1, 1,1, 1, 1, 1, 1,
1, 1, 1, 1, 1,1, 1, 1, 1, 1,1, 1, 1, 1, 1,1, 1, 1, 1, 1,
1, 1, 1, 1, 1,1, 1, 1, 1, 1, 1,
0, 0, 0, 0, 0,0, 0, 0, 0, 0,0, 0, 0, 0, 0,0, 0, 0, 0, 0,
0, 0, 0, 0, 0,0, 0, 0, 0, 0,0, 0, 0, 0, 0,0, 0, 0, 0, 0,
0, 0, 0, 0, 0,0, 0, 0, 0, 0,0, 0, 0, 0, 0,0, 0, 0, 0, 0,
0, 0, 0, 0, 0,0, 0, 0, 0, 0,0, 0, 0, 0, 0,0, 0, 0, 0, 0,
0, 0, 0, 0, 0,0, 0, 0, 0, 0,0, 0, 0, 0, 0,0, 0, 0, 0, 0,
0, 0, 0, 0, 0,0, 0, 0, 0, 0,0, 0, 0, 0, 0,0, 0, 0, 0, 0,
0, 0, 0, 0, 0,0, 0, 0, 0, 0,0, 0, 0, 0, 0,0, 0, 0, 0, 0,
0, 0, 0, 0, 0,0, 0, 0, 0, 0,0, 0, 0, 0, 0,0, 0, 0, 0, 0,
0, 0, 0, 0, 0,0, 0, 0, 0, 0,0, 0, 0, 0, 0,0, 0, 0, 0, 0,
0, 0, 0, 0, 0,0, 0, 0, 0, 0,0, 0, 0, 0, 0,0, 0, 0, 0, 0,
0, 0, 0, 0, 0,0, 0, 0, 0, 0,0, 0, 0, 0, 0,0, 0, 0, 0, 0,
0, 0, 0, 0, 0,0, 0, 0, 0, 0,0, 0, 0, 0, 0,0, 0, 0, 0, 0,
0, 0, 0, 0, 0,0, 0, 0, 0, 0))

