
list(
# posterior means
BL=c(14.48, 12.7, 10.34, 7.737, 5.405, 4.101, 15.13, 13.69, 11.65, 9.1, 6.46, 4.988), 	
BQ = c(13.17, 11.59, 9.469, 7.157, 5.019, 3.812, 13.82, 12.53, 10.69, 8.43, 6.004, 4.64),
C = c(5787.0, 5425.0, 4997.0, 4472.0, 4266.0, 4196.0, 5636.0, 5359.0, 5010.0, 4493.0, 4285.0, 4215.0),
#posterior sd's
sdBL = c(0.005166, 0.003677, 0.002138, 0.0007832, 0.0003237, 	0.0002136, 	0.005161, 0.003836,	0.002427,	0.0009526, 0.0004226, 0.0002918),
sdBQ = c(0.06027, 	0.05198, 0.03841, 	0.01873, 	0.009921, 	0.006748, 	0.05718, 	0.05006, 0.03914, 0.01989, 0.01083,  0.007627), 
sdC = c(230.8, 202.1, 151.6, 74.94, 	40.06, 	27.27, 218.0, 193.5, 153.5, 79.14, 43.46, 30.63), 
p.strata = c(0.02, 0.03, 0.07, 0.13, 0.10, 0.00, 0.02, 0.04, 0.10, 0.22, 0.26, 0.01),
# strata weights  (prob of hip replacement by age and sex) 
p.strata = c(0.02, 0.03, 0.07, 0.13, 0.10, 0.00, 0.02, 0.04, 0.10, 0.22, 0.26, 0.01)
)

