list(theta = 0.1, phi = 0, gamma = c(1.0,1.0,1.0), beta = c(0.5,0.5,0.5,0.5,0.5,0.5,0.5,0.5), 
     T = structure(.Data = c(10,  -3,  -3,
         -3, 135, -65,
         -3, -65, 135), .Dim = c(3, 3)),
	alpha = structure(.Data = c( 0,0,0,
										0,0,0,
										0,0,0,
										0,0,0,
										0,0,0,
										0,0,0,
										0,0,0,
										0,0,0,
										0,0,0,
										0,0,0,
										0,0,0,
										0,0,0,
										0,0,0,
										0,0,0,
										0,0,0,
										0,0,0,
										0,0,0,
										0,0,0,
										0,0,0,
										0,0,0,
										0,0,0,
										0,0,0,
										0,0,0,
										0,0,0,
										0,0,0,
										0,0,0,
										0,0,0,
										0,0,0,
										0,0,0,
										0,0,0,
										0,0,0,
										0,0,0,
										0,0,0,
										0,0,0,
										0,0,0,
										0,0,0,
										0,0,0,
										0,0,0), .Dim = c(38, 3))
	)
