list(theta = 0, phi = 0.01, gamma = c(0,0,0), beta = c(0,0,0,0,0,0,0,0), 
     T = structure(.Data = c(10,  -3,  -3,
         -3, 135, -65,
         -3, -65, 135), .Dim = c(3, 3)),
	alpha = structure(.Data = c( 0,0,0,
										0,0,0,
										0,0,0,
										0,0,0,
										0,0,0,
										0,0,0,
										0,0,0,
										0,0,0,
										0,0,0,
										0,0,0,
										0,0,0,
										0,0,0,
										0,0,0,
										0,0,0,
										0,0,0,
										0,0,0,
										0,0,0,
										0,0,0,
										0,0,0,
										0,0,0,
										0,0,0,
										0,0,0,
										0,0,0,
										0,0,0,
										0,0,0,
										0,0,0,
										0,0,0,
										0,0,0,
										0,0,0,
										0,0,0,
										0,0,0,
										0,0,0,
										0,0,0,
										0,0,0,
										0,0,0,
										0,0,0,
										0,0,0,
										0,0,0), .Dim = c(38, 3))
	)
